{
 "cells": [
  {
   "cell_type": "code",
   "execution_count": 1,
   "metadata": {},
   "outputs": [],
   "source": [
    "import pandas as pd\n",
    "import numpy as  np\n",
    "import matplotlib.pyplot as plt\n",
    "import seaborn as sns\n"
   ]
  },
  {
   "cell_type": "code",
   "execution_count": 2,
   "metadata": {},
   "outputs": [
    {
     "data": {
      "text/html": [
       "<div>\n",
       "<style scoped>\n",
       "    .dataframe tbody tr th:only-of-type {\n",
       "        vertical-align: middle;\n",
       "    }\n",
       "\n",
       "    .dataframe tbody tr th {\n",
       "        vertical-align: top;\n",
       "    }\n",
       "\n",
       "    .dataframe thead th {\n",
       "        text-align: right;\n",
       "    }\n",
       "</style>\n",
       "<table border=\"1\" class=\"dataframe\">\n",
       "  <thead>\n",
       "    <tr style=\"text-align: right;\">\n",
       "      <th></th>\n",
       "      <th>CRIM</th>\n",
       "      <th>ZN</th>\n",
       "      <th>INDUS</th>\n",
       "      <th>CHAS</th>\n",
       "      <th>NOX</th>\n",
       "      <th>RM</th>\n",
       "      <th>AGE</th>\n",
       "      <th>DIS</th>\n",
       "      <th>RAD</th>\n",
       "      <th>TAX</th>\n",
       "      <th>PTRATIO</th>\n",
       "      <th>B</th>\n",
       "      <th>LSTAT</th>\n",
       "      <th>MEDV</th>\n",
       "    </tr>\n",
       "  </thead>\n",
       "  <tbody>\n",
       "    <tr>\n",
       "      <th>0</th>\n",
       "      <td>0.00632</td>\n",
       "      <td>18.0</td>\n",
       "      <td>2.31</td>\n",
       "      <td>0.0</td>\n",
       "      <td>0.538</td>\n",
       "      <td>6.575</td>\n",
       "      <td>65.2</td>\n",
       "      <td>4.0900</td>\n",
       "      <td>1</td>\n",
       "      <td>296</td>\n",
       "      <td>15.3</td>\n",
       "      <td>396.90</td>\n",
       "      <td>4.98</td>\n",
       "      <td>24.0</td>\n",
       "    </tr>\n",
       "    <tr>\n",
       "      <th>1</th>\n",
       "      <td>0.02731</td>\n",
       "      <td>0.0</td>\n",
       "      <td>7.07</td>\n",
       "      <td>0.0</td>\n",
       "      <td>0.469</td>\n",
       "      <td>6.421</td>\n",
       "      <td>78.9</td>\n",
       "      <td>4.9671</td>\n",
       "      <td>2</td>\n",
       "      <td>242</td>\n",
       "      <td>17.8</td>\n",
       "      <td>396.90</td>\n",
       "      <td>9.14</td>\n",
       "      <td>21.6</td>\n",
       "    </tr>\n",
       "    <tr>\n",
       "      <th>2</th>\n",
       "      <td>0.02729</td>\n",
       "      <td>0.0</td>\n",
       "      <td>7.07</td>\n",
       "      <td>0.0</td>\n",
       "      <td>0.469</td>\n",
       "      <td>7.185</td>\n",
       "      <td>61.1</td>\n",
       "      <td>4.9671</td>\n",
       "      <td>2</td>\n",
       "      <td>242</td>\n",
       "      <td>17.8</td>\n",
       "      <td>392.83</td>\n",
       "      <td>4.03</td>\n",
       "      <td>34.7</td>\n",
       "    </tr>\n",
       "    <tr>\n",
       "      <th>3</th>\n",
       "      <td>0.03237</td>\n",
       "      <td>0.0</td>\n",
       "      <td>2.18</td>\n",
       "      <td>0.0</td>\n",
       "      <td>0.458</td>\n",
       "      <td>6.998</td>\n",
       "      <td>45.8</td>\n",
       "      <td>6.0622</td>\n",
       "      <td>3</td>\n",
       "      <td>222</td>\n",
       "      <td>18.7</td>\n",
       "      <td>394.63</td>\n",
       "      <td>2.94</td>\n",
       "      <td>33.4</td>\n",
       "    </tr>\n",
       "    <tr>\n",
       "      <th>4</th>\n",
       "      <td>0.06905</td>\n",
       "      <td>0.0</td>\n",
       "      <td>2.18</td>\n",
       "      <td>0.0</td>\n",
       "      <td>0.458</td>\n",
       "      <td>7.147</td>\n",
       "      <td>54.2</td>\n",
       "      <td>6.0622</td>\n",
       "      <td>3</td>\n",
       "      <td>222</td>\n",
       "      <td>18.7</td>\n",
       "      <td>396.90</td>\n",
       "      <td>NaN</td>\n",
       "      <td>36.2</td>\n",
       "    </tr>\n",
       "    <tr>\n",
       "      <th>5</th>\n",
       "      <td>0.02985</td>\n",
       "      <td>0.0</td>\n",
       "      <td>2.18</td>\n",
       "      <td>0.0</td>\n",
       "      <td>0.458</td>\n",
       "      <td>6.430</td>\n",
       "      <td>58.7</td>\n",
       "      <td>6.0622</td>\n",
       "      <td>3</td>\n",
       "      <td>222</td>\n",
       "      <td>18.7</td>\n",
       "      <td>394.12</td>\n",
       "      <td>5.21</td>\n",
       "      <td>28.7</td>\n",
       "    </tr>\n",
       "    <tr>\n",
       "      <th>6</th>\n",
       "      <td>0.08829</td>\n",
       "      <td>12.5</td>\n",
       "      <td>7.87</td>\n",
       "      <td>NaN</td>\n",
       "      <td>0.524</td>\n",
       "      <td>6.012</td>\n",
       "      <td>66.6</td>\n",
       "      <td>5.5605</td>\n",
       "      <td>5</td>\n",
       "      <td>311</td>\n",
       "      <td>15.2</td>\n",
       "      <td>395.60</td>\n",
       "      <td>12.43</td>\n",
       "      <td>22.9</td>\n",
       "    </tr>\n",
       "    <tr>\n",
       "      <th>7</th>\n",
       "      <td>0.14455</td>\n",
       "      <td>12.5</td>\n",
       "      <td>7.87</td>\n",
       "      <td>0.0</td>\n",
       "      <td>0.524</td>\n",
       "      <td>6.172</td>\n",
       "      <td>96.1</td>\n",
       "      <td>5.9505</td>\n",
       "      <td>5</td>\n",
       "      <td>311</td>\n",
       "      <td>15.2</td>\n",
       "      <td>396.90</td>\n",
       "      <td>19.15</td>\n",
       "      <td>27.1</td>\n",
       "    </tr>\n",
       "    <tr>\n",
       "      <th>8</th>\n",
       "      <td>0.21124</td>\n",
       "      <td>12.5</td>\n",
       "      <td>7.87</td>\n",
       "      <td>0.0</td>\n",
       "      <td>0.524</td>\n",
       "      <td>5.631</td>\n",
       "      <td>100.0</td>\n",
       "      <td>6.0821</td>\n",
       "      <td>5</td>\n",
       "      <td>311</td>\n",
       "      <td>15.2</td>\n",
       "      <td>386.63</td>\n",
       "      <td>29.93</td>\n",
       "      <td>16.5</td>\n",
       "    </tr>\n",
       "    <tr>\n",
       "      <th>9</th>\n",
       "      <td>0.17004</td>\n",
       "      <td>12.5</td>\n",
       "      <td>7.87</td>\n",
       "      <td>NaN</td>\n",
       "      <td>0.524</td>\n",
       "      <td>6.004</td>\n",
       "      <td>85.9</td>\n",
       "      <td>6.5921</td>\n",
       "      <td>5</td>\n",
       "      <td>311</td>\n",
       "      <td>15.2</td>\n",
       "      <td>386.71</td>\n",
       "      <td>17.10</td>\n",
       "      <td>18.9</td>\n",
       "    </tr>\n",
       "  </tbody>\n",
       "</table>\n",
       "</div>"
      ],
      "text/plain": [
       "      CRIM    ZN  INDUS  CHAS    NOX     RM    AGE     DIS  RAD  TAX  PTRATIO  \\\n",
       "0  0.00632  18.0   2.31   0.0  0.538  6.575   65.2  4.0900    1  296     15.3   \n",
       "1  0.02731   0.0   7.07   0.0  0.469  6.421   78.9  4.9671    2  242     17.8   \n",
       "2  0.02729   0.0   7.07   0.0  0.469  7.185   61.1  4.9671    2  242     17.8   \n",
       "3  0.03237   0.0   2.18   0.0  0.458  6.998   45.8  6.0622    3  222     18.7   \n",
       "4  0.06905   0.0   2.18   0.0  0.458  7.147   54.2  6.0622    3  222     18.7   \n",
       "5  0.02985   0.0   2.18   0.0  0.458  6.430   58.7  6.0622    3  222     18.7   \n",
       "6  0.08829  12.5   7.87   NaN  0.524  6.012   66.6  5.5605    5  311     15.2   \n",
       "7  0.14455  12.5   7.87   0.0  0.524  6.172   96.1  5.9505    5  311     15.2   \n",
       "8  0.21124  12.5   7.87   0.0  0.524  5.631  100.0  6.0821    5  311     15.2   \n",
       "9  0.17004  12.5   7.87   NaN  0.524  6.004   85.9  6.5921    5  311     15.2   \n",
       "\n",
       "        B  LSTAT  MEDV  \n",
       "0  396.90   4.98  24.0  \n",
       "1  396.90   9.14  21.6  \n",
       "2  392.83   4.03  34.7  \n",
       "3  394.63   2.94  33.4  \n",
       "4  396.90    NaN  36.2  \n",
       "5  394.12   5.21  28.7  \n",
       "6  395.60  12.43  22.9  \n",
       "7  396.90  19.15  27.1  \n",
       "8  386.63  29.93  16.5  \n",
       "9  386.71  17.10  18.9  "
      ]
     },
     "execution_count": 2,
     "metadata": {},
     "output_type": "execute_result"
    }
   ],
   "source": [
    "df = pd.read_csv(r'C:\\Users\\CHRIS\\Downloads\\datasets\\HousingData.csv')\n",
    "df.head(10)"
   ]
  },
  {
   "cell_type": "code",
   "execution_count": 3,
   "metadata": {},
   "outputs": [
    {
     "data": {
      "text/plain": [
       "<bound method DataFrame.info of         CRIM    ZN  INDUS  CHAS    NOX     RM   AGE     DIS  RAD  TAX  \\\n",
       "0    0.00632  18.0   2.31   0.0  0.538  6.575  65.2  4.0900    1  296   \n",
       "1    0.02731   0.0   7.07   0.0  0.469  6.421  78.9  4.9671    2  242   \n",
       "2    0.02729   0.0   7.07   0.0  0.469  7.185  61.1  4.9671    2  242   \n",
       "3    0.03237   0.0   2.18   0.0  0.458  6.998  45.8  6.0622    3  222   \n",
       "4    0.06905   0.0   2.18   0.0  0.458  7.147  54.2  6.0622    3  222   \n",
       "..       ...   ...    ...   ...    ...    ...   ...     ...  ...  ...   \n",
       "501  0.06263   0.0  11.93   0.0  0.573  6.593  69.1  2.4786    1  273   \n",
       "502  0.04527   0.0  11.93   0.0  0.573  6.120  76.7  2.2875    1  273   \n",
       "503  0.06076   0.0  11.93   0.0  0.573  6.976  91.0  2.1675    1  273   \n",
       "504  0.10959   0.0  11.93   0.0  0.573  6.794  89.3  2.3889    1  273   \n",
       "505  0.04741   0.0  11.93   0.0  0.573  6.030   NaN  2.5050    1  273   \n",
       "\n",
       "     PTRATIO       B  LSTAT  MEDV  \n",
       "0       15.3  396.90   4.98  24.0  \n",
       "1       17.8  396.90   9.14  21.6  \n",
       "2       17.8  392.83   4.03  34.7  \n",
       "3       18.7  394.63   2.94  33.4  \n",
       "4       18.7  396.90    NaN  36.2  \n",
       "..       ...     ...    ...   ...  \n",
       "501     21.0  391.99    NaN  22.4  \n",
       "502     21.0  396.90   9.08  20.6  \n",
       "503     21.0  396.90   5.64  23.9  \n",
       "504     21.0  393.45   6.48  22.0  \n",
       "505     21.0  396.90   7.88  11.9  \n",
       "\n",
       "[506 rows x 14 columns]>"
      ]
     },
     "execution_count": 3,
     "metadata": {},
     "output_type": "execute_result"
    }
   ],
   "source": [
    "df.info"
   ]
  },
  {
   "cell_type": "code",
   "execution_count": 4,
   "metadata": {},
   "outputs": [
    {
     "data": {
      "text/plain": [
       "22.532806324110677"
      ]
     },
     "execution_count": 4,
     "metadata": {},
     "output_type": "execute_result"
    }
   ],
   "source": [
    "df['MEDV'].mean()"
   ]
  },
  {
   "cell_type": "code",
   "execution_count": 5,
   "metadata": {},
   "outputs": [
    {
     "data": {
      "text/plain": [
       "68.51851851851852"
      ]
     },
     "execution_count": 5,
     "metadata": {},
     "output_type": "execute_result"
    }
   ],
   "source": [
    "df['AGE'].mean()"
   ]
  },
  {
   "cell_type": "code",
   "execution_count": 14,
   "metadata": {},
   "outputs": [
    {
     "data": {
      "text/plain": [
       "AGE\n",
       "2.9      26.600000\n",
       "6.2      23.400000\n",
       "6.5      24.700000\n",
       "6.6      24.750000\n",
       "6.8      29.600000\n",
       "           ...    \n",
       "98.8     14.500000\n",
       "98.9     13.066667\n",
       "99.1     10.900000\n",
       "99.3     17.800000\n",
       "100.0    16.133333\n",
       "Name: MEDV, Length: 348, dtype: float64"
      ]
     },
     "execution_count": 14,
     "metadata": {},
     "output_type": "execute_result"
    }
   ],
   "source": [
    "df.groupby(['AGE']) ['MEDV'].mean()"
   ]
  },
  {
   "cell_type": "code",
   "execution_count": 7,
   "metadata": {},
   "outputs": [
    {
     "data": {
      "text/html": [
       "<div>\n",
       "<style scoped>\n",
       "    .dataframe tbody tr th:only-of-type {\n",
       "        vertical-align: middle;\n",
       "    }\n",
       "\n",
       "    .dataframe tbody tr th {\n",
       "        vertical-align: top;\n",
       "    }\n",
       "\n",
       "    .dataframe thead th {\n",
       "        text-align: right;\n",
       "    }\n",
       "</style>\n",
       "<table border=\"1\" class=\"dataframe\">\n",
       "  <thead>\n",
       "    <tr style=\"text-align: right;\">\n",
       "      <th></th>\n",
       "      <th>CRIM</th>\n",
       "      <th>ZN</th>\n",
       "      <th>INDUS</th>\n",
       "      <th>CHAS</th>\n",
       "      <th>NOX</th>\n",
       "      <th>RM</th>\n",
       "      <th>AGE</th>\n",
       "      <th>DIS</th>\n",
       "      <th>RAD</th>\n",
       "      <th>TAX</th>\n",
       "      <th>PTRATIO</th>\n",
       "      <th>B</th>\n",
       "      <th>LSTAT</th>\n",
       "      <th>MEDV</th>\n",
       "      <th>AGE_50</th>\n",
       "    </tr>\n",
       "  </thead>\n",
       "  <tbody>\n",
       "    <tr>\n",
       "      <th>0</th>\n",
       "      <td>0.00632</td>\n",
       "      <td>18.0</td>\n",
       "      <td>2.31</td>\n",
       "      <td>0.0</td>\n",
       "      <td>0.538</td>\n",
       "      <td>6.575</td>\n",
       "      <td>65.2</td>\n",
       "      <td>4.0900</td>\n",
       "      <td>1</td>\n",
       "      <td>296</td>\n",
       "      <td>15.3</td>\n",
       "      <td>396.90</td>\n",
       "      <td>4.98</td>\n",
       "      <td>24.0</td>\n",
       "      <td>True</td>\n",
       "    </tr>\n",
       "    <tr>\n",
       "      <th>1</th>\n",
       "      <td>0.02731</td>\n",
       "      <td>0.0</td>\n",
       "      <td>7.07</td>\n",
       "      <td>0.0</td>\n",
       "      <td>0.469</td>\n",
       "      <td>6.421</td>\n",
       "      <td>78.9</td>\n",
       "      <td>4.9671</td>\n",
       "      <td>2</td>\n",
       "      <td>242</td>\n",
       "      <td>17.8</td>\n",
       "      <td>396.90</td>\n",
       "      <td>9.14</td>\n",
       "      <td>21.6</td>\n",
       "      <td>True</td>\n",
       "    </tr>\n",
       "    <tr>\n",
       "      <th>2</th>\n",
       "      <td>0.02729</td>\n",
       "      <td>0.0</td>\n",
       "      <td>7.07</td>\n",
       "      <td>0.0</td>\n",
       "      <td>0.469</td>\n",
       "      <td>7.185</td>\n",
       "      <td>61.1</td>\n",
       "      <td>4.9671</td>\n",
       "      <td>2</td>\n",
       "      <td>242</td>\n",
       "      <td>17.8</td>\n",
       "      <td>392.83</td>\n",
       "      <td>4.03</td>\n",
       "      <td>34.7</td>\n",
       "      <td>True</td>\n",
       "    </tr>\n",
       "    <tr>\n",
       "      <th>3</th>\n",
       "      <td>0.03237</td>\n",
       "      <td>0.0</td>\n",
       "      <td>2.18</td>\n",
       "      <td>0.0</td>\n",
       "      <td>0.458</td>\n",
       "      <td>6.998</td>\n",
       "      <td>45.8</td>\n",
       "      <td>6.0622</td>\n",
       "      <td>3</td>\n",
       "      <td>222</td>\n",
       "      <td>18.7</td>\n",
       "      <td>394.63</td>\n",
       "      <td>2.94</td>\n",
       "      <td>33.4</td>\n",
       "      <td>False</td>\n",
       "    </tr>\n",
       "    <tr>\n",
       "      <th>4</th>\n",
       "      <td>0.06905</td>\n",
       "      <td>0.0</td>\n",
       "      <td>2.18</td>\n",
       "      <td>0.0</td>\n",
       "      <td>0.458</td>\n",
       "      <td>7.147</td>\n",
       "      <td>54.2</td>\n",
       "      <td>6.0622</td>\n",
       "      <td>3</td>\n",
       "      <td>222</td>\n",
       "      <td>18.7</td>\n",
       "      <td>396.90</td>\n",
       "      <td>NaN</td>\n",
       "      <td>36.2</td>\n",
       "      <td>True</td>\n",
       "    </tr>\n",
       "  </tbody>\n",
       "</table>\n",
       "</div>"
      ],
      "text/plain": [
       "      CRIM    ZN  INDUS  CHAS    NOX     RM   AGE     DIS  RAD  TAX  PTRATIO  \\\n",
       "0  0.00632  18.0   2.31   0.0  0.538  6.575  65.2  4.0900    1  296     15.3   \n",
       "1  0.02731   0.0   7.07   0.0  0.469  6.421  78.9  4.9671    2  242     17.8   \n",
       "2  0.02729   0.0   7.07   0.0  0.469  7.185  61.1  4.9671    2  242     17.8   \n",
       "3  0.03237   0.0   2.18   0.0  0.458  6.998  45.8  6.0622    3  222     18.7   \n",
       "4  0.06905   0.0   2.18   0.0  0.458  7.147  54.2  6.0622    3  222     18.7   \n",
       "\n",
       "        B  LSTAT  MEDV  AGE_50  \n",
       "0  396.90   4.98  24.0    True  \n",
       "1  396.90   9.14  21.6    True  \n",
       "2  392.83   4.03  34.7    True  \n",
       "3  394.63   2.94  33.4   False  \n",
       "4  396.90    NaN  36.2    True  "
      ]
     },
     "execution_count": 7,
     "metadata": {},
     "output_type": "execute_result"
    }
   ],
   "source": [
    "df['AGE_50']= df['AGE'].apply(lambda x:x>50)\n",
    "df.head()"
   ]
  },
  {
   "cell_type": "code",
   "execution_count": 8,
   "metadata": {},
   "outputs": [
    {
     "data": {
      "text/plain": [
       "14.33370    2\n",
       "0.01501     2\n",
       "0.00632     1\n",
       "0.05023     1\n",
       "0.02543     1\n",
       "           ..\n",
       "1.34284     1\n",
       "1.22358     1\n",
       "2.44668     1\n",
       "3.53501     1\n",
       "0.04741     1\n",
       "Name: CRIM, Length: 484, dtype: int64"
      ]
     },
     "execution_count": 8,
     "metadata": {},
     "output_type": "execute_result"
    }
   ],
   "source": [
    "df['CRIM'].value_counts()"
   ]
  },
  {
   "cell_type": "code",
   "execution_count": 9,
   "metadata": {},
   "outputs": [
    {
     "data": {
      "text/plain": [
       "76"
      ]
     },
     "execution_count": 9,
     "metadata": {},
     "output_type": "execute_result"
    }
   ],
   "source": [
    "df['INDUS'].nunique()"
   ]
  },
  {
   "cell_type": "code",
   "execution_count": 10,
   "metadata": {},
   "outputs": [
    {
     "data": {
      "text/plain": [
       "array([ 2.31,  7.07,  2.18,  7.87,  8.14,  5.96,   nan,  2.95,  6.91,\n",
       "        5.64,  4.  ,  1.22,  0.74,  1.32,  5.13,  1.38,  3.37,  6.07,\n",
       "       10.81, 12.83,  4.86,  4.49,  3.41, 15.04,  2.89,  8.56, 10.01,\n",
       "       25.65, 21.89, 19.58,  4.05,  2.46,  3.44,  2.93,  0.46,  1.52,\n",
       "        1.47,  2.03,  2.68, 10.59, 13.89,  6.2 ,  4.93,  5.86,  3.64,\n",
       "        3.75,  3.97,  6.96,  6.41,  3.33,  1.21,  2.97,  2.25,  1.76,\n",
       "        5.32,  4.95, 13.92,  2.24,  6.09,  9.9 ,  7.38,  3.24,  6.06,\n",
       "        5.19,  1.89,  3.78,  4.39,  4.15,  2.01,  1.25,  1.69,  2.02,\n",
       "        1.91, 18.1 , 27.74,  9.69, 11.93])"
      ]
     },
     "execution_count": 10,
     "metadata": {},
     "output_type": "execute_result"
    }
   ],
   "source": [
    "df['INDUS'].unique()"
   ]
  },
  {
   "cell_type": "code",
   "execution_count": 11,
   "metadata": {},
   "outputs": [
    {
     "data": {
      "text/html": [
       "<div>\n",
       "<style scoped>\n",
       "    .dataframe tbody tr th:only-of-type {\n",
       "        vertical-align: middle;\n",
       "    }\n",
       "\n",
       "    .dataframe tbody tr th {\n",
       "        vertical-align: top;\n",
       "    }\n",
       "\n",
       "    .dataframe thead th {\n",
       "        text-align: right;\n",
       "    }\n",
       "</style>\n",
       "<table border=\"1\" class=\"dataframe\">\n",
       "  <thead>\n",
       "    <tr style=\"text-align: right;\">\n",
       "      <th></th>\n",
       "      <th>CRIM</th>\n",
       "      <th>ZN</th>\n",
       "      <th>INDUS</th>\n",
       "      <th>CHAS</th>\n",
       "      <th>NOX</th>\n",
       "      <th>RM</th>\n",
       "      <th>AGE</th>\n",
       "      <th>DIS</th>\n",
       "      <th>RAD</th>\n",
       "      <th>TAX</th>\n",
       "      <th>PTRATIO</th>\n",
       "      <th>B</th>\n",
       "      <th>LSTAT</th>\n",
       "      <th>MEDV</th>\n",
       "      <th>AGE_50</th>\n",
       "    </tr>\n",
       "  </thead>\n",
       "  <tbody>\n",
       "    <tr>\n",
       "      <th>CRIM</th>\n",
       "      <td>1.000000</td>\n",
       "      <td>-0.191178</td>\n",
       "      <td>0.401863</td>\n",
       "      <td>-0.054355</td>\n",
       "      <td>0.417130</td>\n",
       "      <td>-0.219150</td>\n",
       "      <td>0.354342</td>\n",
       "      <td>-0.374166</td>\n",
       "      <td>0.624765</td>\n",
       "      <td>0.580595</td>\n",
       "      <td>0.281110</td>\n",
       "      <td>-0.381411</td>\n",
       "      <td>0.444943</td>\n",
       "      <td>-0.391363</td>\n",
       "      <td>0.252000</td>\n",
       "    </tr>\n",
       "    <tr>\n",
       "      <th>ZN</th>\n",
       "      <td>-0.191178</td>\n",
       "      <td>1.000000</td>\n",
       "      <td>-0.531871</td>\n",
       "      <td>-0.037229</td>\n",
       "      <td>-0.513704</td>\n",
       "      <td>0.320800</td>\n",
       "      <td>-0.563801</td>\n",
       "      <td>0.656739</td>\n",
       "      <td>-0.310919</td>\n",
       "      <td>-0.312371</td>\n",
       "      <td>-0.414046</td>\n",
       "      <td>0.171303</td>\n",
       "      <td>-0.414193</td>\n",
       "      <td>0.373136</td>\n",
       "      <td>-0.543068</td>\n",
       "    </tr>\n",
       "    <tr>\n",
       "      <th>INDUS</th>\n",
       "      <td>0.401863</td>\n",
       "      <td>-0.531871</td>\n",
       "      <td>1.000000</td>\n",
       "      <td>0.059859</td>\n",
       "      <td>0.764866</td>\n",
       "      <td>-0.390234</td>\n",
       "      <td>0.638431</td>\n",
       "      <td>-0.711709</td>\n",
       "      <td>0.604533</td>\n",
       "      <td>0.731055</td>\n",
       "      <td>0.390954</td>\n",
       "      <td>-0.360532</td>\n",
       "      <td>0.590690</td>\n",
       "      <td>-0.481772</td>\n",
       "      <td>0.463167</td>\n",
       "    </tr>\n",
       "    <tr>\n",
       "      <th>CHAS</th>\n",
       "      <td>-0.054355</td>\n",
       "      <td>-0.037229</td>\n",
       "      <td>0.059859</td>\n",
       "      <td>1.000000</td>\n",
       "      <td>0.075097</td>\n",
       "      <td>0.104885</td>\n",
       "      <td>0.078831</td>\n",
       "      <td>-0.093971</td>\n",
       "      <td>0.001468</td>\n",
       "      <td>-0.032304</td>\n",
       "      <td>-0.111304</td>\n",
       "      <td>0.051264</td>\n",
       "      <td>-0.047424</td>\n",
       "      <td>0.181391</td>\n",
       "      <td>0.068715</td>\n",
       "    </tr>\n",
       "    <tr>\n",
       "      <th>NOX</th>\n",
       "      <td>0.417130</td>\n",
       "      <td>-0.513704</td>\n",
       "      <td>0.764866</td>\n",
       "      <td>0.075097</td>\n",
       "      <td>1.000000</td>\n",
       "      <td>-0.302188</td>\n",
       "      <td>0.731548</td>\n",
       "      <td>-0.769230</td>\n",
       "      <td>0.611441</td>\n",
       "      <td>0.668023</td>\n",
       "      <td>0.188933</td>\n",
       "      <td>-0.380051</td>\n",
       "      <td>0.582641</td>\n",
       "      <td>-0.427321</td>\n",
       "      <td>0.543056</td>\n",
       "    </tr>\n",
       "    <tr>\n",
       "      <th>RM</th>\n",
       "      <td>-0.219150</td>\n",
       "      <td>0.320800</td>\n",
       "      <td>-0.390234</td>\n",
       "      <td>0.104885</td>\n",
       "      <td>-0.302188</td>\n",
       "      <td>1.000000</td>\n",
       "      <td>-0.247337</td>\n",
       "      <td>0.205246</td>\n",
       "      <td>-0.209847</td>\n",
       "      <td>-0.292048</td>\n",
       "      <td>-0.355501</td>\n",
       "      <td>0.128069</td>\n",
       "      <td>-0.614339</td>\n",
       "      <td>0.695360</td>\n",
       "      <td>-0.166270</td>\n",
       "    </tr>\n",
       "    <tr>\n",
       "      <th>AGE</th>\n",
       "      <td>0.354342</td>\n",
       "      <td>-0.563801</td>\n",
       "      <td>0.638431</td>\n",
       "      <td>0.078831</td>\n",
       "      <td>0.731548</td>\n",
       "      <td>-0.247337</td>\n",
       "      <td>1.000000</td>\n",
       "      <td>-0.744844</td>\n",
       "      <td>0.458349</td>\n",
       "      <td>0.509114</td>\n",
       "      <td>0.269226</td>\n",
       "      <td>-0.275303</td>\n",
       "      <td>0.602891</td>\n",
       "      <td>-0.394656</td>\n",
       "      <td>0.867161</td>\n",
       "    </tr>\n",
       "    <tr>\n",
       "      <th>DIS</th>\n",
       "      <td>-0.374166</td>\n",
       "      <td>0.656739</td>\n",
       "      <td>-0.711709</td>\n",
       "      <td>-0.093971</td>\n",
       "      <td>-0.769230</td>\n",
       "      <td>0.205246</td>\n",
       "      <td>-0.744844</td>\n",
       "      <td>1.000000</td>\n",
       "      <td>-0.494588</td>\n",
       "      <td>-0.534432</td>\n",
       "      <td>-0.232471</td>\n",
       "      <td>0.291512</td>\n",
       "      <td>-0.493328</td>\n",
       "      <td>0.249929</td>\n",
       "      <td>-0.614457</td>\n",
       "    </tr>\n",
       "    <tr>\n",
       "      <th>RAD</th>\n",
       "      <td>0.624765</td>\n",
       "      <td>-0.310919</td>\n",
       "      <td>0.604533</td>\n",
       "      <td>0.001468</td>\n",
       "      <td>0.611441</td>\n",
       "      <td>-0.209847</td>\n",
       "      <td>0.458349</td>\n",
       "      <td>-0.494588</td>\n",
       "      <td>1.000000</td>\n",
       "      <td>0.910228</td>\n",
       "      <td>0.464741</td>\n",
       "      <td>-0.444413</td>\n",
       "      <td>0.479541</td>\n",
       "      <td>-0.381626</td>\n",
       "      <td>0.348986</td>\n",
       "    </tr>\n",
       "    <tr>\n",
       "      <th>TAX</th>\n",
       "      <td>0.580595</td>\n",
       "      <td>-0.312371</td>\n",
       "      <td>0.731055</td>\n",
       "      <td>-0.032304</td>\n",
       "      <td>0.668023</td>\n",
       "      <td>-0.292048</td>\n",
       "      <td>0.509114</td>\n",
       "      <td>-0.534432</td>\n",
       "      <td>0.910228</td>\n",
       "      <td>1.000000</td>\n",
       "      <td>0.460853</td>\n",
       "      <td>-0.441808</td>\n",
       "      <td>0.536110</td>\n",
       "      <td>-0.468536</td>\n",
       "      <td>0.363020</td>\n",
       "    </tr>\n",
       "    <tr>\n",
       "      <th>PTRATIO</th>\n",
       "      <td>0.281110</td>\n",
       "      <td>-0.414046</td>\n",
       "      <td>0.390954</td>\n",
       "      <td>-0.111304</td>\n",
       "      <td>0.188933</td>\n",
       "      <td>-0.355501</td>\n",
       "      <td>0.269226</td>\n",
       "      <td>-0.232471</td>\n",
       "      <td>0.464741</td>\n",
       "      <td>0.460853</td>\n",
       "      <td>1.000000</td>\n",
       "      <td>-0.177383</td>\n",
       "      <td>0.375966</td>\n",
       "      <td>-0.507787</td>\n",
       "      <td>0.228044</td>\n",
       "    </tr>\n",
       "    <tr>\n",
       "      <th>B</th>\n",
       "      <td>-0.381411</td>\n",
       "      <td>0.171303</td>\n",
       "      <td>-0.360532</td>\n",
       "      <td>0.051264</td>\n",
       "      <td>-0.380051</td>\n",
       "      <td>0.128069</td>\n",
       "      <td>-0.275303</td>\n",
       "      <td>0.291512</td>\n",
       "      <td>-0.444413</td>\n",
       "      <td>-0.441808</td>\n",
       "      <td>-0.177383</td>\n",
       "      <td>1.000000</td>\n",
       "      <td>-0.369889</td>\n",
       "      <td>0.333461</td>\n",
       "      <td>-0.186332</td>\n",
       "    </tr>\n",
       "    <tr>\n",
       "      <th>LSTAT</th>\n",
       "      <td>0.444943</td>\n",
       "      <td>-0.414193</td>\n",
       "      <td>0.590690</td>\n",
       "      <td>-0.047424</td>\n",
       "      <td>0.582641</td>\n",
       "      <td>-0.614339</td>\n",
       "      <td>0.602891</td>\n",
       "      <td>-0.493328</td>\n",
       "      <td>0.479541</td>\n",
       "      <td>0.536110</td>\n",
       "      <td>0.375966</td>\n",
       "      <td>-0.369889</td>\n",
       "      <td>1.000000</td>\n",
       "      <td>-0.735822</td>\n",
       "      <td>0.437122</td>\n",
       "    </tr>\n",
       "    <tr>\n",
       "      <th>MEDV</th>\n",
       "      <td>-0.391363</td>\n",
       "      <td>0.373136</td>\n",
       "      <td>-0.481772</td>\n",
       "      <td>0.181391</td>\n",
       "      <td>-0.427321</td>\n",
       "      <td>0.695360</td>\n",
       "      <td>-0.394656</td>\n",
       "      <td>0.249929</td>\n",
       "      <td>-0.381626</td>\n",
       "      <td>-0.468536</td>\n",
       "      <td>-0.507787</td>\n",
       "      <td>0.333461</td>\n",
       "      <td>-0.735822</td>\n",
       "      <td>1.000000</td>\n",
       "      <td>-0.286880</td>\n",
       "    </tr>\n",
       "    <tr>\n",
       "      <th>AGE_50</th>\n",
       "      <td>0.252000</td>\n",
       "      <td>-0.543068</td>\n",
       "      <td>0.463167</td>\n",
       "      <td>0.068715</td>\n",
       "      <td>0.543056</td>\n",
       "      <td>-0.166270</td>\n",
       "      <td>0.867161</td>\n",
       "      <td>-0.614457</td>\n",
       "      <td>0.348986</td>\n",
       "      <td>0.363020</td>\n",
       "      <td>0.228044</td>\n",
       "      <td>-0.186332</td>\n",
       "      <td>0.437122</td>\n",
       "      <td>-0.286880</td>\n",
       "      <td>1.000000</td>\n",
       "    </tr>\n",
       "  </tbody>\n",
       "</table>\n",
       "</div>"
      ],
      "text/plain": [
       "             CRIM        ZN     INDUS      CHAS       NOX        RM       AGE  \\\n",
       "CRIM     1.000000 -0.191178  0.401863 -0.054355  0.417130 -0.219150  0.354342   \n",
       "ZN      -0.191178  1.000000 -0.531871 -0.037229 -0.513704  0.320800 -0.563801   \n",
       "INDUS    0.401863 -0.531871  1.000000  0.059859  0.764866 -0.390234  0.638431   \n",
       "CHAS    -0.054355 -0.037229  0.059859  1.000000  0.075097  0.104885  0.078831   \n",
       "NOX      0.417130 -0.513704  0.764866  0.075097  1.000000 -0.302188  0.731548   \n",
       "RM      -0.219150  0.320800 -0.390234  0.104885 -0.302188  1.000000 -0.247337   \n",
       "AGE      0.354342 -0.563801  0.638431  0.078831  0.731548 -0.247337  1.000000   \n",
       "DIS     -0.374166  0.656739 -0.711709 -0.093971 -0.769230  0.205246 -0.744844   \n",
       "RAD      0.624765 -0.310919  0.604533  0.001468  0.611441 -0.209847  0.458349   \n",
       "TAX      0.580595 -0.312371  0.731055 -0.032304  0.668023 -0.292048  0.509114   \n",
       "PTRATIO  0.281110 -0.414046  0.390954 -0.111304  0.188933 -0.355501  0.269226   \n",
       "B       -0.381411  0.171303 -0.360532  0.051264 -0.380051  0.128069 -0.275303   \n",
       "LSTAT    0.444943 -0.414193  0.590690 -0.047424  0.582641 -0.614339  0.602891   \n",
       "MEDV    -0.391363  0.373136 -0.481772  0.181391 -0.427321  0.695360 -0.394656   \n",
       "AGE_50   0.252000 -0.543068  0.463167  0.068715  0.543056 -0.166270  0.867161   \n",
       "\n",
       "              DIS       RAD       TAX   PTRATIO         B     LSTAT      MEDV  \\\n",
       "CRIM    -0.374166  0.624765  0.580595  0.281110 -0.381411  0.444943 -0.391363   \n",
       "ZN       0.656739 -0.310919 -0.312371 -0.414046  0.171303 -0.414193  0.373136   \n",
       "INDUS   -0.711709  0.604533  0.731055  0.390954 -0.360532  0.590690 -0.481772   \n",
       "CHAS    -0.093971  0.001468 -0.032304 -0.111304  0.051264 -0.047424  0.181391   \n",
       "NOX     -0.769230  0.611441  0.668023  0.188933 -0.380051  0.582641 -0.427321   \n",
       "RM       0.205246 -0.209847 -0.292048 -0.355501  0.128069 -0.614339  0.695360   \n",
       "AGE     -0.744844  0.458349  0.509114  0.269226 -0.275303  0.602891 -0.394656   \n",
       "DIS      1.000000 -0.494588 -0.534432 -0.232471  0.291512 -0.493328  0.249929   \n",
       "RAD     -0.494588  1.000000  0.910228  0.464741 -0.444413  0.479541 -0.381626   \n",
       "TAX     -0.534432  0.910228  1.000000  0.460853 -0.441808  0.536110 -0.468536   \n",
       "PTRATIO -0.232471  0.464741  0.460853  1.000000 -0.177383  0.375966 -0.507787   \n",
       "B        0.291512 -0.444413 -0.441808 -0.177383  1.000000 -0.369889  0.333461   \n",
       "LSTAT   -0.493328  0.479541  0.536110  0.375966 -0.369889  1.000000 -0.735822   \n",
       "MEDV     0.249929 -0.381626 -0.468536 -0.507787  0.333461 -0.735822  1.000000   \n",
       "AGE_50  -0.614457  0.348986  0.363020  0.228044 -0.186332  0.437122 -0.286880   \n",
       "\n",
       "           AGE_50  \n",
       "CRIM     0.252000  \n",
       "ZN      -0.543068  \n",
       "INDUS    0.463167  \n",
       "CHAS     0.068715  \n",
       "NOX      0.543056  \n",
       "RM      -0.166270  \n",
       "AGE      0.867161  \n",
       "DIS     -0.614457  \n",
       "RAD      0.348986  \n",
       "TAX      0.363020  \n",
       "PTRATIO  0.228044  \n",
       "B       -0.186332  \n",
       "LSTAT    0.437122  \n",
       "MEDV    -0.286880  \n",
       "AGE_50   1.000000  "
      ]
     },
     "execution_count": 11,
     "metadata": {},
     "output_type": "execute_result"
    }
   ],
   "source": [
    "#CORRELATION BETWEEN ALL THE COLUMNS AND ONLY ONE VARIABLES\n",
    "corr = df.corr(method='pearson')\n",
    "corr"
   ]
  }
 ],
 "metadata": {
  "kernelspec": {
   "display_name": "Python 3.10.5 64-bit",
   "language": "python",
   "name": "python3"
  },
  "language_info": {
   "codemirror_mode": {
    "name": "ipython",
    "version": 3
   },
   "file_extension": ".py",
   "mimetype": "text/x-python",
   "name": "python",
   "nbconvert_exporter": "python",
   "pygments_lexer": "ipython3",
   "version": "3.10.5"
  },
  "orig_nbformat": 4,
  "vscode": {
   "interpreter": {
    "hash": "9df6d363b714daa7420a9b0394e73ec1f251000aedff5fef65b488a457921fa2"
   }
  }
 },
 "nbformat": 4,
 "nbformat_minor": 2
}
